123, 00
[48, 0, 0, 0, 49, 49, 49, 49, 49, 49] 4
[48, 0, 0, 0, 49, 49, 49, 49, 49, 49] 4
[48, 0, 0, 0, 49, 49, 49, 49, 49, 49] 4
456, 02
[3, 3, 3, 3, 0, 24, 24, 3, 3, 3] 5
[3, 3, 3, 3, 24, 0, 24, 3, 3, 3] 4
[3, 3, 3, 3, 24, 24, 0, 3, 3, 3] 4
789, 00
[48, 49, 49, 49, 49, 49, 49, 0, 0, 0] 1
[48, 49, 49, 49, 49, 49, 49, 0, 0, 0] 1
[48, 49, 49, 49, 49, 49, 49, 0, 0, 0] 1
564, 11
[2, 2, 2, 2, 9, 16, 9, 2, 2, 2] 5
[2, 2, 2, 2, 9, 9, 16, 2, 2, 2] 6
[2, 2, 2, 2, 16, 9, 9, 2, 2, 2] 4
045, 20
[18, 1, 1, 1, 1, 1, 1, 1, 1, 1] 0
[1, 1, 1, 1, 18, 1, 1, 1, 1, 1] 4
[1, 1, 1, 1, 1, 18, 1, 1, 1, 1] 5
645, 20
[1, 1, 1, 1, 1, 1, 18, 1, 1, 1] 6
[1, 1, 1, 1, 18, 1, 1, 1, 1, 1] 4
[1, 1, 1, 1, 1, 18, 1, 1, 1, 1] 5

ex2 (answer:537)
123, 01
[29, 0, 56, 56, 29, 29, 29, 29, 29, 29] 2
[29, 56, 0, 56, 29, 29, 29, 29, 29, 29] 1
[29, 56, 56, 0, 29, 29, 29, 29, 29, 29] 1
456, 01
[29, 29, 29, 29, 0, 56, 56, 29, 29, 29] 5
[29, 29, 29, 29, 56, 0, 56, 29, 29, 29] 4
[29, 29, 29, 29, 56, 56, 0, 29, 29, 29] 4
789, 01
[29, 29, 29, 29, 29, 29, 29, 0, 56, 56] 8
[29, 29, 29, 29, 29, 29, 29, 56, 0, 56] 7
[29, 29, 29, 29, 29, 29, 29, 56, 56, 0] 7
347, 11
[2, 2, 2, 16, 9, 2, 2, 9, 2, 2] 3
[2, 2, 2, 9, 16, 2, 2, 9, 2, 2] 4
[2, 2, 2, 9, 9, 2, 2, 16, 2, 2] 7

